epsParam:29.0   minLnsParam:8
clusterID: 0  Points Number:  15
741.7335304473816 553.6392875383685   778.6809113991912 525.9013878803172   792.130279938787 492.62454143104276   823.5624687349296 463.7162220169296   848.2324411235637 433.2273399201515   876.2866279100766 403.4879532275861   891.6929282788196 370.6938253164625   903.5564751574451 336.2549736382945   909.5168639297692 298.2590068004327   908.3496102841481 260.9703090455546   923.5550683518954 227.66167719103998   926.4602932339578 191.64667686968767   939.169268092385 157.60433634290118   943.5073712028221 120.6780171783783   947.9322810032347 84.8933096498582   
clusterID: 1  Points Number:  15
646.3951090899122 552.9171740081796   611.6314813402975 545.0655515902688   570.1712154318952 525.7911927799032   533.3343139326898 523.5559852610412   497.5247278543948 507.1428290339447   460.4004380046727 505.6846940978161   424.20579649526894 502.66433426218964   385.6739382330604 504.8042873522945   338.4211879509354 537.2987080833354   293.68473581699266 562.752863242183   256.7786226786295 562.2692770183576   228.50787190846475 530.3691829911907   195.51492609227822 508.2001907668797   164.3241086090557 483.96655422458855   127.47278518076712 478.0140199054605   